ROI_1_2          	582.434		 	 288.94		 	3481.54		[217, 540.5]
ROI_1_7          	530.577		 	407.399		 	5363.42		[31.5344, 529.639]
ROI_1_12         	799.255		 	336.474		 	1707.53		[611.754, 514.359]
ROI_1_14         	538.469		 	289.238		 	4441.95		[173.097, 509.889]
ROI_1_31         	 607.48		 	162.343		 	360.757		[415.912, 442.774]
ROI_1_35         	573.294		 	145.084		 	283.927		[374, 434.5]
ROI_1_36         	529.999		 	155.995		 	376.987		[303.03, 434.824]
ROI_1_38         	540.482		 	145.859		 	411.502		[325.501, 431.474]
ROI_1_49         	806.817		 	357.034		 	2005.17		[700.647, 400.059]
ROI_1_67         	473.477		 	 83.649		 	371.758		[310.971, 357.039]
ROI_1_110        	783.951		 	363.688		 	2170.92		[724.569, 299.296]
ROI_1_146        	501.862		 	92.6444		 	279.917		[439.935, 241.5]
ROI_1_147        	 385.13		 	77.9872		 	456.824		[302, 239]
ROI_1_160        	687.329		 	298.212		 	2828.01		[651, 220.5]
ROI_1_175        	518.648		 	156.023		 	295.7		[482, 191.5]
ROI_1_178        	192.778		 	314.194		 	1720.95		[66.3139, 181.013]
ROI_1_182        	336.514		 	139.789		 	281.971		[291, 169]
ROI_1_187        	451.739		 	141.126		 	244.977		[421.5, 162.5]
ROI_1_203        	667.309		 	332.278		 	1463.13		[653.901, 133.1]
ROI_1_214        	315.777		 	 190.16		 	64.2111		[295.436, 111.5]
ROI_1_228        	156.576		 	309.887		 	609.346		[136.926, 75.9412]
ROI_1_235        	296.356		 	257.521		 	303.56		[293.436, 41.5]
ROI_1_238        	401.753		 	277.509		 	1376.56		[401.456, 15.4558]
ROI_2_3          	557.847		 	367.259		 	252.778		[100.366, 548.744]
ROI_2_6          	541.612		 	 409.13		 	5323.96		[37.3847, 540.32]
ROI_2_7          	725.393		 	276.265		 	1316.47		[491.5, 533.5]
ROI_2_15         	549.896		 	293.204		 	106.193		[179.059, 519.926]
ROI_2_21         	519.863		 	303.011		 	168.448		[142.511, 499.948]
ROI_2_23         	 497.45		 	354.524		 	2334.9		[70, 492.5]
ROI_2_37         	541.585		 	163.385		 	343.041		[308.899, 444.855]
ROI_2_68         	484.552		 	 88.958		 	347.269		[316.414, 366.978]
ROI_2_91         	754.555		 	319.337		 	27.5997		[677.553, 332.079]
ROI_2_114        	792.317		 	369.244		 	2231.13		[729.779, 308.527]
ROI_2_140        	 511.24		 	92.4343		 	250.605		[445.064, 251.564]
ROI_2_141        	396.062		 	67.0075		 	388.169		[308, 249]
ROI_2_144        	387.979		 	75.3849		 	386.813		[298.527, 247.809]
ROI_2_178        	204.449		 	305.477		 	1537.72		[71.8737, 191.399]
ROI_2_200        	673.637		 	 332.28		 	2623.64		[658.5, 142]
ROI_2_224        	422.815		 	201.288		 	451.883		[411.943, 95.2652]
ROI_2_229        	590.427		 	319.987		 	902.671		[587.005, 63.4751]
ROI_3_5          	550.917		 	411.136		 	4963.86		[41.9586, 549.317]
ROI_3_10         	818.455		 	355.891		 	2063.34		[622.201, 531.728]
ROI_3_13         	559.557		 	297.831		 	401.269		[183, 528.787]
ROI_3_28         	627.466		 	182.695		 	426.329		[425.912, 460.774]
ROI_3_34         	562.488		 	162.146		 	327.831		[337, 450.36]
ROI_3_49         	824.103		 	372.074		 	2355.58		[710.59, 417.381]
ROI_3_64         	494.253		 	94.7878		 	498.558		[320.918, 375.896]
ROI_3_137        	519.279		 	93.4465		 	283.644		[449.5, 260]
ROI_3_142        	396.319		 	67.6182		 	494.935		[302.569, 255.971]
ROI_3_176        	533.909		 	152.926		 	273.225		[491.062, 209.562]
ROI_3_178        	214.188		 	298.871		 	1268.12		[75.9124, 200.285]
ROI_3_207        	679.215		 	332.324		 	1626.56		[662.429, 150.071]
ROI_3_213        	658.772		 	324.025		 	1797.59		[645, 134]
ROI_3_218        	330.883		 	170.121		 	405.838		[304.469, 129.546]
ROI_3_230        	428.388		 	193.759		 	352.99		[415.553, 104.079]
ROI_3_232        	173.989		 	290.339		 	924.688		[145.43, 95.5111]
ROI_3_236        	595.216		 	316.959		 	763.773		[590.873, 71.7768]
ROI_4_0          	708.989		 	282.314		 	1355.69		[429.912, 563.774]
ROI_4_10         	689.535		 	240.583		 	552.567		[470.152, 504.397]
ROI_4_11         	521.234		 	  304.5		 	20.6914		[141.965, 501.528]
ROI_4_30         	440.357		 	344.315		 	2310.81		[49.8894, 437.522]
ROI_4_31         	500.158		 	185.493		 	846.802		[245.953, 435.506]
ROI_4_36         	560.942		 	138.504		 	1050.9		[362, 428.5]
ROI_4_38         	435.144		 	311.979		 	108.441		[80.9772, 427.543]
ROI_4_54         	425.727		 	258.424		 	858.516		[129.802, 405.456]
ROI_4_76         	 719.19		 	 274.26		 	739.036		[628.841, 348.989]
ROI_4_84         	339.264		 	324.883		 	62.9275		[39.5274, 336.954]
ROI_4_117        	586.487		 	165.153		 	506.709		[524, 263.423]
ROI_4_154        	393.275		 	79.5025		 	11919.9		[327.342, 217.974]
ROI_4_182        	670.243		 	325.484		 	918.202		[653.755, 147.752]
ROI_4_200        	380.864		 	171.666		 	45.5189		[362.014, 118.337]
ROI_4_205        	702.715		 	386.817		 	141.838		[696.034, 96.6628]
ROI_4_211        	501.013		 	 252.01		 	519.53		[495.117, 76.6417]
ROI_4_216        	637.541		 	  352.1		 	1576.73		[633.95, 67.575]
ROI_5_33         	480.449		 	182.784		 	710.397		[232.796, 420.283]
ROI_5_42         	410.818		 	344.908		 	2627.24		[37.3147, 409.12]
ROI_5_57         	400.843		 	258.985		 	898.522		[119.18, 382.716]
ROI_5_69         	717.736		 	268.896		 	543.545		[620.362, 360.964]
ROI_5_90         	309.731		 	327.763		 	163.748		[33.7259, 307.889]
ROI_5_94         	775.125		 	356.028		 	1918.61		[717, 294.5]
ROI_5_108        	586.706		 	162.485		 	328.412		[521.974, 267.894]
ROI_5_161        	394.235		 	110.952		 	8859.22		[351, 179.5]
ROI_5_209        	204.175		 	283.508		 	1212.65		[195.137, 60.0735]
ROI_6_6          	687.096		 	243.201		 	783.833		[456.197, 513.795]
ROI_6_7          	762.123		 	301.284		 	3015.11		[563.736, 512.868]
ROI_6_35         	490.066		 	188.048		 	725.602		[235.313, 429.875]
ROI_6_43         	420.449		 	345.191		 	2592.69		[40.6114, 418.483]
ROI_6_53         	410.759		 	259.282		 	851.468		[122.635, 392.025]
ROI_6_66         	725.071		 	274.616		 	663.806		[623.857, 369.5]
ROI_6_82         	 391.94		 	139.471		 	224.424		[225, 320.924]
ROI_6_89         	780.965		 	359.218		 	2608.11		[720, 302.5]
ROI_6_101        	593.898		 	164.879		 	408.75		[525.362, 276.964]
ROI_6_125        	506.717		 	107.615		 	2378		[451, 231]
ROI_6_160        	682.844		 	323.404		 	902.081		[661.333, 170.042]
ROI_6_198        	515.886		 	 249.01		 	695.636		[508.132, 89.1062]
ROI_6_211        	248.118		 	265.421		 	291.948		[242.5, 52.5]
ROI_6_217        	525.385		 	307.484		 	48.4849		[524.549, 29.6196]
ROI_6_221        	 528.87		 	321.495		 	1482.7		[528.638, 15.6708]
ROI_7_9          	507.736		 	 308.36		 	904.806		[127.544, 491.456]
ROI_7_28         	456.837		 	285.804		 	774.476		[118.472, 441.208]
ROI_7_33         	494.011		 	190.612		 	748.004		[236.065, 433.958]
ROI_7_35         	565.212		 	139.176		 	376.362		[368, 429]
ROI_7_36         	568.114		 	135.945		 	391.315		[377, 425]
ROI_7_42         	421.157		 	345.575		 	2661.12		[40.4878, 419.207]
ROI_7_49         	412.688		 	259.912		 	885.763		[122.799, 393.994]
ROI_7_58         	730.372		 	277.983		 	586.788		[624.362, 378.964]
ROI_7_63         	627.573		 	 167.99		 	412.97		[513.05, 361.425]
ROI_7_94         	599.189		 	166.461		 	314.415		[527.369, 284.447]
ROI_7_120        	511.483		 	105.926		 	2082.47		[453, 237.5]
ROI_7_135        	474.111		 	 92.635		 	361.653		[420.5, 219]
ROI_7_157        	689.041		 	323.407		 	1117.16		[665.119, 179.983]
ROI_7_180        	724.472		 	392.557		 	46.6038		[714.561, 119.424]
ROI_7_186        	658.862		 	347.835		 	17.444		[651.442, 98.603]
ROI_7_187        	521.143		 	245.458		 	418.711		[512.117, 96.575]
ROI_7_197        	215.701		 	268.488		 	211.785		[203, 72.9238]
ROI_7_208        	534.016		 	 316.63		 	854.221		[533.456, 24.4558]
ROI_7_209        	643.148		 	389.891		 	2790.34		[642.819, 20.5686]
ROI_7_210        	242.334		 	295.662		 	1750.05		[241.544, 19.5442]
ROI_7_212        	559.589		 	343.223		 	2059.69		[559.5, 10]
ROI_8_3          	764.426		 	306.295		 	257.815		[549.456, 531.456]
ROI_8_35         	443.391		 	287.207		 	17.2915		[109.968, 429.538]
ROI_8_36         	562.837		 	135.237		 	343.165		[369, 425]
ROI_8_37         	484.177		 	191.112		 	917.233		[227.93, 427.172]
ROI_8_42         	434.278		 	247.399		 	2677.8		[144.411, 409.564]
ROI_8_45         	405.005		 	 347.12		 	2666.44		[33.0153, 403.658]
ROI_8_47         	402.779		 	314.916		 	556.365		[65, 397.5]
ROI_8_50         	429.165		 	214.751		 	571.983		[172.537, 392.955]
ROI_8_57         	399.892		 	261.355		 	964.09		[116.571, 382.525]
ROI_8_103        	600.118		 	163.573		 	345.531		[524.566, 291.5]
ROI_8_141        	 256.49		 	263.265		 	1285.97		[103.625, 234.625]
ROI_8_168        	694.224		 	320.613		 	1071.1		[666.728, 193.443]
ROI_8_176        	548.526		 	200.107		 	494.68		[521.401, 170.357]
ROI_8_186        	730.441		 	381.215		 	1688.64		[715.116, 148.838]
ROI_8_201        	666.429		 	345.325		 	33.0489		[656.942, 112.047]
ROI_8_204        	528.368		 	243.803		 	582.779		[518.117, 103.575]
ROI_8_211        	354.109		 	  202.8		 	876.414		[343, 88]
ROI_8_212        	316.087		 	210.738		 	444.272		[303.831, 87.1647]
ROI_8_221        	 219.72		 	270.988		 	118.451		[209.863, 65.0735]
ROI_8_228        	653.051		 	388.101		 	3310.48		[652.195, 33.4295]
ROI_9_0          	566.251		 	418.954		 	87.3983		[44.5, 564.5]
ROI_9_5          	680.109		 	246.304		 	1501.04		[430.919, 526.172]
ROI_9_40         	473.688		 	191.445		 	803.382		[220, 419.5]
ROI_9_41         	428.282		 	287.772		 	92.7327		[102.231, 415.902]
ROI_9_50         	730.608		 	273.474		 	612.85		[611.365, 400.025]
ROI_9_60         	387.738		 	348.531		 	2502.7		[26.1963, 386.852]
ROI_9_66         	644.488		 	184.096		 	289.537		[524.675, 374.273]
ROI_9_69         	385.251		 	262.861		 	918.628		[110.327, 369.115]
ROI_9_101        	601.351		 	161.638		 	441.417		[522.451, 297.771]
ROI_9_134        	367.414		 	98.8433		 	7592.23		[272, 247]
ROI_9_158        	699.835		 	318.919		 	1175.01		[668.739, 206.296]
ROI_9_176        	553.172		 	198.942		 	410.048		[524.301, 176.375]
ROI_9_181        	737.101		 	379.399		 	1928.62		[718.719, 163.587]
ROI_9_187        	739.146		 	389.063		 	16.6922		[723.848, 149.603]
ROI_9_200        	673.537		 	 343.78		 	3.09751		[662.03, 123.97]
ROI_9_214        	321.372		 	213.007		 	488.869		[310.447, 83.0789]
ROI_9_224        	661.412		 	386.033		 	1565.39		[659.836, 45.6271]
ROI_9_226        	552.301		 	315.145		 	1029.75		[550.955, 38.5367]
ROI_9_229        	579.563		 	341.932		 	1053.93		[578.955, 26.5367]
ROI_10_3         	 758.77		 	304.902		 	101.833		[527.456, 545.456]
ROI_10_8         	829.637		 	366.879		 	1050.21		[659, 504]
ROI_10_32        	515.246		 	170.381		 	440.143		[273.883, 436.425]
ROI_10_43        	467.398		 	193.681		 	748.5		[213.656, 415.707]
ROI_10_44        	731.988		 	273.159		 	512.338		[606.394, 409.99]
ROI_10_59        	645.158		 	183.758		 	294.455		[520.648, 380.992]
ROI_10_60        	625.513		 	163.099		 	282.282		[498, 378.5]
ROI_10_64        	377.325		 	349.835		 	2420.43		[22.0732, 376.679]
ROI_10_71        	377.089		 	264.177		 	889.08		[106.731, 361.67]
ROI_10_72        	795.594		 	356.355		 	1304.5		[711, 357]
ROI_10_96        	603.411		 	 160.62		 	389.836		[520.968, 304.462]
ROI_10_118       	277.807		 	329.666		 	74.2784		[31.6312, 276]
ROI_10_150       	704.395		 	316.951		 	950.386		[669.726, 218.263]
ROI_10_165       	245.579		 	228.487		 	422.785		[155.537, 190.045]
ROI_10_172       	557.428		 	197.075		 	468.544		[526.521, 183.035]
ROI_10_191       	680.161		 	341.994		 	1409.9		[666.406, 136.094]
ROI_10_212       	326.421		 	212.267		 	230.079		[315.797, 82.6014]
ROI_10_219       	669.769		 	384.574		 	7.60424		[667.3, 57.4548]
ROI_10_223       	 559.51		 	312.566		 	1936.02		[557.537, 46.9548]
ROI_11_5         	683.194		 	 255.08		 	1069.32		[421.26, 537.86]
ROI_11_21        	473.634		 	313.036		 	114.066		[100.074, 462.941]
ROI_11_39        	 738.36		 	278.475		 	803.725		[607.271, 419.997]
ROI_11_42        	425.503		 	290.219		 	432.011		[98.5714, 413.929]
ROI_11_58        	381.756		 	349.948		 	2314.9		[23.1063, 381.056]
ROI_11_68        	382.527		 	264.651		 	1085.7		[107.805, 367.022]
ROI_11_85        	609.532		 	163.272		 	427.712		[522.521, 313.848]
ROI_11_132       	710.057		 	317.257		 	1122.5		[672.257, 228.587]
ROI_11_161       	750.197		 	386.028		 	649.752		[729.5, 175]
ROI_11_168       	473.059		 	154.358		 	70.4892		[445, 160.5]
ROI_11_172       	685.492		 	340.148		 	64.0896		[669.572, 146.877]
ROI_11_183       	546.593		 	237.261		 	300.592		[531.987, 125.513]
ROI_11_195       	331.776		 	 204.68		 	586.278		[319.453, 89.5814]
