ROI 	, 	R0 (Origin in up-left) 	,	R (Origin in centre) 	, 	Ratio 	,	Centroid Coordinates

ROI_1_0         , 	724.917		, 	288.476		, 	1.37493	,	[458.5, 561.5]
ROI_1_4         , 	652.513		, 	263.418		, 	1.02904	,	[346.343, 553.01]
ROI_1_5         , 	 663.08		, 	260.662		, 	1.6438	,	[369.599, 550.52]
ROI_1_6         , 	542.015		, 	392.935		, 	6.59325	,	[57.0352, 539.005]
ROI_1_22        , 	593.018		, 	185.619		, 	1.45084	,	[354.359, 475.5]
ROI_1_70        , 	490.168		, 	70.3147		, 	1.85121	,	[336.887, 356.051]
ROI_1_95        , 	610.167		, 	165.045		, 	1.12881	,	[524.631, 311.553]
ROI_1_103       , 	319.888		, 	249.187		, 	4.01419	,	[112, 299.64]
ROI_1_107       , 	436.652		, 	34.9701		, 	1.83858	,	[326.033, 290.461]
ROI_1_124       , 	 664.62		, 	253.528		, 	1.5429	,	[612.5, 258]
ROI_1_153       , 	648.777		, 	287.883		, 	1.48719	,	[624.802, 174.74]
ROI_1_166       , 	431.455		, 	164.602		, 	3.44478	,	[410.444, 133]
ROI_1_182       , 	304.499		, 	217.714		, 	1.65042	,	[292.91, 83.2073]

ROI_2_2         , 	662.205		, 	272.148		, 	1.24211	,	[350.343, 561.939]
ROI_2_3         , 	672.716		, 	 269.55		, 	1.20141	,	[373.892, 559.242]
ROI_2_8         , 	840.513		, 	377.608		, 	1.8839	,	[664.178, 515.102]
ROI_2_17        , 	 601.98		, 	193.705		, 	1.82424	,	[358.366, 483.688]
ROI_2_53        , 	611.443		, 	149.114		, 	1.4397	,	[487.082, 369.613]
ROI_2_54        , 	732.334		, 	283.222		, 	1.33383	,	[633.377, 367.623]
ROI_2_56        , 	 499.02		, 	77.3268		, 	1.73559	,	[340.701, 364.615]
ROI_2_73        , 	618.127		, 	170.671		, 	1.23781	,	[529.082, 319.613]
ROI_2_92        , 	288.119		, 	330.519		, 	4.80987	,	[30.5, 286.5]
ROI_2_100       , 	747.425		, 	340.154		, 	5.70098	,	[700, 262]
ROI_2_125       , 	655.112		, 	 288.33		, 	1.42558	,	[628.91, 183.424]
ROI_2_139       , 	444.942		, 	164.158		, 	2.33857	,	[423, 138]
ROI_2_143       , 	705.454		, 	374.322		, 	1.68397	,	[695, 121]
ROI_2_151       , 	464.589		, 	201.917		, 	3.53155	,	[451.5, 109.5]
ROI_2_152       , 	503.014		, 	226.689		, 	3.51825	,	[491.943, 104.955]
ROI_2_167       , 	612.395		, 	342.012		, 	2.19848	,	[609.883, 55.416]

ROI_3_0         , 	670.019		, 	278.731		, 	1.26161	,	[354.345, 568.652]
ROI_3_1         , 	 681.17		, 	 277.23		, 	1.09814	,	[377.928, 566.713]
ROI_3_2         , 	558.947		, 	397.428		, 	1.61991	,	[64.9601, 555.16]
ROI_3_5         , 	847.903		, 	384.939		, 	1.68267	,	[668.133, 522.052]
ROI_3_14        , 	610.568		, 	 201.46		, 	1.27028	,	[362.304, 491.456]
ROI_3_55        , 	619.344		, 	156.704		, 	1.24205	,	[491, 377.5]
ROI_3_56        , 	515.009		, 	85.3756		, 	1.94871	,	[353, 375]
ROI_3_80        , 	625.302		, 	175.882		, 	1.13088	,	[532.924, 327.101]
ROI_3_120       , 	426.106		, 	45.6453		, 	1.24996	,	[347.682, 246.341]
ROI_3_135       , 	660.529		, 	 289.45		, 	1.14313	,	[632.619, 189.979]
ROI_3_162       , 	507.656		, 	222.392		, 	2.70113	,	[495.026, 112.531]
ROI_3_178       , 	616.129		, 	338.947		, 	1.59826	,	[612.88, 63.1933]

ROI_4_0         , 	591.359		, 	334.714		, 	1.72083	,	[171.541, 565.932]
ROI_4_6         , 	 556.35		, 	372.807		, 	8.97599	,	[92.4753, 548.611]
ROI_4_16        , 	545.967		, 	295.831		, 	3.58583	,	[172.5, 518]
ROI_4_30        , 	816.629		, 	356.194		, 	4.6233	,	[670.93, 465.549]
ROI_4_32        , 	721.715		, 	258.701		, 	1.69232	,	[558.958, 456.55]
ROI_4_33        , 	738.573		, 	275.652		, 	1.13428	,	[582.568, 453.986]
ROI_4_54        , 	682.438		, 	224.844		, 	1.25714	,	[567.405, 379.173]
ROI_4_99        , 	744.847		, 	336.254		, 	1.25544	,	[696.289, 264.537]
ROI_4_101       , 	607.986		, 	191.464		, 	1.5353	,	[549.969, 259.193]
ROI_4_122       , 	572.601		, 	 202.45		, 	1.8809	,	[538.938, 193.438]
ROI_4_146       , 	 166.68		, 	 305.58		, 	1.54919	,	[97.5652, 135.141]
ROI_4_153       , 	671.563		, 	352.386		, 	1.4882	,	[662.806, 108.097]
ROI_4_157       , 	141.086		, 	323.325		, 	1.37758	,	[99.0539, 100.466]
ROI_4_165       , 	99.9725		, 	363.526		, 	1.35139	,	[82.8825, 55.9016]

ROI_5_7         , 	897.067		, 	434.222		, 	2.68997	,	[711, 547]
ROI_5_8         , 	 610.74		, 	266.739		, 	1.11088	,	[278.363, 543.615]
ROI_5_10        , 	541.959		, 	371.427		, 	9.14995	,	[82.413, 535.656]
ROI_5_13        , 	 566.75		, 	 292.77		, 	1.24762	,	[195.937, 531.803]
ROI_5_30        , 	817.881		, 	356.327		, 	1.76572	,	[663.919, 477.64]
ROI_5_33        , 	 721.17		, 	258.431		, 	1.50889	,	[552.101, 463.973]
ROI_5_34        , 	738.474		, 	275.418		, 	1.34897	,	[576.014, 462.117]
ROI_5_51        , 	683.761		, 	224.778		, 	1.44278	,	[563.927, 386.672]
ROI_5_96        , 	750.617		, 	 336.55		, 	1.27238	,	[697.328, 277.775]
ROI_5_98        , 	612.019		, 	191.562		, 	1.2572	,	[551.081, 266.227]
ROI_5_119       , 	578.762		, 	202.804		, 	1.99389	,	[542.95, 200.425]
ROI_5_149       , 	 681.89		, 	353.366		, 	1.92074	,	[671.134, 120.635]
ROI_5_157       , 	138.534		, 	 324.53		, 	1.4129	,	[107.228, 87.7148]
ROI_5_164       , 	 177.45		, 	304.824		, 	1.7878	,	[169.367, 52.9467]
ROI_5_167       , 	634.492		, 	365.529		, 	1.55558	,	[632.848, 45.644]
ROI_5_171       , 	671.168		, 	414.397		, 	2.40486	,	[671, 15]
ROI_5_175       , 	226.586		, 	308.773		, 	1.62073	,	[226.259, 12.1772]

ROI_6_2         , 	661.252		, 	 275.98		, 	1.11545	,	[342.918, 565.387]
ROI_6_6         , 	552.155		, 	374.785		, 	8.28924	,	[86.6331, 545.317]
ROI_6_14        , 	544.337		, 	298.932		, 	3.30177	,	[167.56, 517.906]
ROI_6_23        , 	826.711		, 	364.846		, 	1.30827	,	[668.417, 486.488]
ROI_6_26        , 	729.991		, 	267.424		, 	1.27948	,	[556.161, 472.833]
ROI_6_27        , 	 747.23		, 	284.191		, 	1.54102	,	[580.049, 471.058]
ROI_6_50        , 	692.173		, 	232.351		, 	1.57662	,	[567.929, 395.677]
ROI_6_93        , 	757.537		, 	340.276		, 	1.10142	,	[701.258, 286.529]
ROI_6_95        , 	619.416		, 	 194.47		, 	1.34682	,	[554.909, 275.231]
ROI_6_157       , 	147.099		, 	 316.16		, 	1.17751	,	[110.581, 97.0042]
ROI_6_166       , 	73.3172		, 	393.119		, 	1.16703	,	[42.2364, 59.9291]
ROI_6_168       , 	639.342		, 	362.679		, 	1.57201	,	[636.997, 54.7094]
ROI_6_174       , 	716.699		, 	446.095		, 	1.10912	,	[716.409, 20.3982]

ROI_7_7         , 	622.242		, 	277.827		, 	1.44944	,	[279.91, 555.73]
ROI_7_10        , 	551.156		, 	375.991		, 	8.74419	,	[84.3797, 544.658]
ROI_7_12        , 	577.253		, 	300.956		, 	1.26321	,	[197.249, 542.507]
ROI_7_16        , 	649.842		, 	 235.21		, 	1.17394	,	[384.265, 524.057]
ROI_7_25        , 	830.802		, 	368.444		, 	1.46698	,	[666.284, 496.284]
ROI_7_29        , 	734.434		, 	272.247		, 	1.64328	,	[555.029, 480.974]
ROI_7_30        , 	751.569		, 	288.643		, 	1.40099	,	[578.936, 479.258]
ROI_7_41        , 	696.816		, 	236.135		, 	1.58482	,	[567.957, 403.704]
ROI_7_85        , 	763.966		, 	342.751		, 	1.55427	,	[703.669, 297.479]
ROI_7_91        , 	624.887		, 	196.148		, 	1.12295	,	[557.03, 283.198]
ROI_7_93        , 	524.914		, 	85.7812		, 	2.11699	,	[445.807, 277.111]
ROI_7_107       , 	591.212		, 	202.587		, 	1.63124	,	[549.962, 216.962]
ROI_7_109       , 	722.403		, 	336.209		, 	1.16203	,	[689.127, 216.726]
ROI_7_110       , 	 397.94		, 	80.1639		, 	1.44158	,	[335.5, 214]
ROI_7_138       , 	692.783		, 	351.652		, 	1.30166	,	[678.661, 139.167]
ROI_7_149       , 	151.689		, 	311.409		, 	1.24343	,	[116.425, 97.2349]
ROI_7_150       , 	574.009		, 	287.517		, 	3.74025	,	[567, 89.4253]
ROI_7_152       , 	645.416		, 	360.489		, 	1.22762	,	[642.192, 64.4275]
ROI_7_156       , 	 114.65		, 	351.502		, 	1.68726	,	[101.99, 52.3715]
ROI_7_158       , 	681.232		, 	409.935		, 	1.42876	,	[680.429, 33.0714]
ROI_7_165       , 	 237.64		, 	294.205		, 	1.82655	,	[236.481, 23.4453]
ROI_7_166       , 	 172.99		, 	335.019		, 	1.46769	,	[172.498, 13.0444]

ROI_8_0         , 	630.915		, 	 284.51		, 	1.34307	,	[283.35, 563.708]
ROI_8_2         , 	559.629		, 	379.049		, 	8.28894	,	[87.7534, 552.706]
ROI_8_6         , 	761.562		, 	305.993		, 	1.12002	,	[535.961, 541.039]
ROI_8_9         , 	553.588		, 	304.699		, 	3.6921	,	[169.5, 527]
ROI_8_21        , 	741.512		, 	279.526		, 	1.17438	,	[558.227, 488.081]
ROI_8_22        , 	759.111		, 	296.279		, 	1.87279	,	[582.442, 486.837]
ROI_8_40        , 	703.942		, 	 242.77		, 	1.46182	,	[571.333, 411.233]
ROI_8_86        , 	769.532		, 	 345.99		, 	1.06277	,	[706.682, 304.596]
ROI_8_92        , 	631.532		, 	199.419		, 	1.16232	,	[560.416, 291.148]
ROI_8_134       , 	592.287		, 	252.534		, 	1.8036	,	[572.463, 151.955]
ROI_8_137       , 	697.735		, 	 351.68		, 	1.42518	,	[682.146, 146.667]
ROI_8_148       , 	158.942		, 	304.368		, 	1.19292	,	[119.218, 105.117]
ROI_8_153       , 	649.769		, 	359.096		, 	1.83801	,	[645.841, 71.3333]
ROI_8_157       , 	120.413		, 	 344.66		, 	1.48632	,	[104.562, 59.7179]
ROI_8_163       , 	241.246		, 	285.801		, 	2.15971	,	[239.186, 31.459]
ROI_8_167       , 	529.186		, 	322.665		, 	1.88621	,	[528.987, 14.5128]
ROI_8_169       , 	228.366		, 	309.534		, 	2.76385	,	[228.127, 10.4353]

ROI_9_0         , 	707.346		, 	281.763		, 	1.20201	,	[427, 563.924]
ROI_9_1         , 	569.601		, 	382.745		, 	9.08145	,	[91.8688, 562.144]
ROI_9_8         , 	563.215		, 	309.559		, 	3.53587	,	[173.05, 535.971]
ROI_9_14        , 	846.101		, 	383.388		, 	1.44263	,	[673.117, 512.642]
ROI_9_19        , 	751.543		, 	289.838		, 	1.25359	,	[562.953, 497.897]
ROI_9_20        , 	767.969		, 	305.275		, 	1.46189	,	[586.53, 495.741]
ROI_9_39        , 	712.137		, 	250.465		, 	1.62643	,	[575.014, 420.117]
ROI_9_85        , 	776.495		, 	 350.29		, 	1.10924	,	[710.519, 313.22]
ROI_9_90        , 	638.961		, 	203.463		, 	1.4544	,	[564.223, 299.873]
ROI_9_108       , 	733.653		, 	339.641		, 	1.55431	,	[695.772, 232.697]
ROI_9_137       , 	703.113		, 	351.472		, 	1.25421	,	[685.708, 155.474]
ROI_9_147       , 	167.953		, 	295.826		, 	1.26135	,	[122.79, 114.589]
ROI_9_148       , 	583.123		, 	281.419		, 	1.1915	,	[573.5, 105.5]
ROI_9_151       , 	654.364		, 	356.819		, 	2.11507	,	[649.459, 79.9727]
ROI_9_152       , 	202.024		, 	273.671		, 	1.57994	,	[185.508, 80.0033]
ROI_9_155       , 	94.1089		, 	373.515		, 	2.02687	,	[54.2308, 76.9124]
ROI_9_164       , 	246.204		, 	 275.93		, 	1.43881	,	[242.824, 40.657]
ROI_9_168       , 	533.052		, 	317.326		, 	2.38365	,	[532.553, 23.0447]
ROI_9_169       , 	232.439		, 	 299.44		, 	2.43635	,	[231.579, 19.9727]

ROI_10_1        , 	606.132		, 	317.931		, 	1.26008	,	[208.69, 569.073]
ROI_10_3        , 	 780.01		, 	325.336		, 	1.4989	,	[544.038, 558.962]
ROI_10_6        , 	573.079		, 	314.495		, 	4.03182	,	[177.009, 545.058]
ROI_10_13       , 	855.572		, 	392.747		, 	1.28274	,	[678.303, 521.449]
ROI_10_17       , 	759.708		, 	298.272		, 	1.45296	,	[566.566, 506.122]
ROI_10_18       , 	776.781		, 	314.251		, 	2.44892	,	[590.554, 504.613]
ROI_10_36       , 	 720.78		, 	258.736		, 	1.55811	,	[579.346, 428.815]
ROI_10_83       , 	783.733		, 	 354.93		, 	1.48661	,	[714.473, 322.129]
ROI_10_91       , 	646.564		, 	208.121		, 	1.28157	,	[568.313, 308.328]
ROI_10_152      , 	177.415		, 	287.041		, 	1.39284	,	[126.676, 124.215]
ROI_10_158      , 	209.463		, 	263.975		, 	1.10766	,	[189.436, 89.3794]
ROI_10_159      , 	658.826		, 	354.471		, 	1.40183	,	[652.818, 88.7731]
ROI_10_162      , 	103.654		, 	365.463		, 	1.72632	,	[57.697, 86.1119]
ROI_10_163      , 	136.619		, 	326.857		, 	1.34963	,	[111.91, 78.3645]
ROI_10_170      , 	251.193		, 	266.206		, 	1.37583	,	[246.204, 49.8175]
ROI_10_174      , 	536.894		, 	311.376		, 	1.75653	,	[535.916, 32.3966]
ROI_10_175      , 	236.879		, 	289.624		, 	1.33132	,	[235.074, 29.1847]
ROI_10_180      , 	662.968		, 	408.494		, 	1.49512	,	[662.804, 14.7156]

ROI_11_1        , 	 788.84		, 	334.571		, 	1.84032	,	[547.955, 567.463]
ROI_11_4        , 	583.303		, 	319.976		, 	3.73658	,	[180.964, 554.521]
ROI_11_14       , 	768.149		, 	    307		, 	1.60462	,	[570.323, 514.572]
ROI_11_15       , 	785.708		, 	323.371		, 	1.66872	,	[594.572, 513.636]
ROI_11_27       , 	728.947		, 	266.574		, 	1.53484	,	[582.969, 437.62]
ROI_11_33       , 	726.282		, 	266.652		, 	1.40529	,	[598.078, 412.054]
ROI_11_62       , 	790.391		, 	359.311		, 	1.85399	,	[718.037, 330.365]
ROI_11_69       , 	653.814		, 	  212.3		, 	1.10433	,	[571.5, 317.585]
ROI_11_70       , 	555.293		, 	101.195		, 	1.63367	,	[459.974, 311.084]
ROI_11_116      , 	713.743		, 	351.751		, 	1.12492	,	[692.568, 172.563]
ROI_11_127      , 	186.017		, 	279.325		, 	1.23695	,	[129.821, 133.224]
ROI_11_133      , 	216.617		, 	254.488		, 	1.18196	,	[192.543, 99.2472]
ROI_11_137      , 	145.146		, 	317.984		, 	1.45591	,	[115.516, 87.8825]
ROI_11_140      , 	696.734		, 	400.728		, 	1.54811	,	[693.561, 66.4242]
ROI_11_145      , 	 191.76		, 	298.268		, 	1.62779	,	[185.425, 48.8833]
ROI_11_149      , 	241.314		, 	279.997		, 	2.07366	,	[238.248, 38.3452]
ROI_11_154      , 	665.973		, 	404.747		, 	4.25212	,	[665.561, 23.4242]

ROI_12_2        , 	588.531		, 	319.235		, 	1.2582	,	[187.391, 557.901]
ROI_12_5        , 	556.642		, 	388.019		, 	inf	,	[74.4628, 551.639]
ROI_12_7        , 	855.327		, 	392.393		, 	1.46905	,	[658.403, 545.977]
ROI_12_11       , 	554.404		, 	315.931		, 	4.01913	,	[157.412, 531.588]
ROI_12_15       , 	775.341		, 	314.562		, 	1.48516	,	[572.655, 522.705]
ROI_12_16       , 	757.615		, 	  298.7		, 	1.41544	,	[548.903, 522.194]
ROI_12_32       , 	721.473		, 	258.474		, 	1.50789	,	[566.693, 446.522]
ROI_12_75       , 	791.077		, 	353.596		, 	1.66597	,	[709.484, 349.907]
ROI_12_84       , 	651.185		, 	206.035		, 	1.05382	,	[563.935, 325.605]
ROI_12_90       , 	549.864		, 	94.7765		, 	2.27125	,	[453.399, 311.095]
ROI_12_102      , 	750.895		, 	 340.81		, 	1.67795	,	[701.148, 268.766]
ROI_12_134      , 	721.193		, 	348.988		, 	1.11516	,	[695.542, 190.631]
ROI_12_157      , 	 673.86		, 	351.134		, 	1.14869	,	[664.305, 113.077]
ROI_12_158      , 	174.421		, 	288.648		, 	1.2781	,	[137.014, 107.934]
ROI_12_163      , 	216.312		, 	265.362		, 	1.09425	,	[201.907, 77.6174]
ROI_12_165      , 	218.838		, 	267.726		, 	1.10896	,	[207, 71]
ROI_12_173      , 	554.003		, 	308.687		, 	2.64086	,	[551.965, 47.4719]
ROI_12_177      , 	265.608		, 	265.786		, 	2.26103	,	[262.051, 43.3191]
ROI_12_178      , 	681.043		, 	405.138		, 	2.11075	,	[679.863, 40.0735]
