ROI 	, 	R0 (Origin in up-left) 	,	R (Origin in centre) 	, 	Ratio 	,	Centroid Coordinates

ROI_1_2         , 	582.434		, 	 288.94		, 	3.35882	,	[217, 540.5]
ROI_1_7         , 	530.577		, 	407.399		, 	4.67089	,	[31.5344, 529.639]
ROI_1_12        , 	799.255		, 	336.474		, 	1.41422	,	[611.754, 514.359]
ROI_1_14        , 	538.469		, 	289.238		, 	4.09764	,	[173.097, 509.889]
ROI_1_31        , 	 607.48		, 	162.343		, 	1.65429	,	[415.912, 442.774]
ROI_1_35        , 	573.294		, 	145.084		, 	1.68515	,	[374, 434.5]
ROI_1_36        , 	529.999		, 	155.995		, 	1.90171	,	[303.03, 434.824]
ROI_1_38        , 	540.482		, 	145.859		, 	2.471	,	[325.501, 431.474]
ROI_1_49        , 	806.817		, 	357.034		, 	2.03772	,	[700.647, 400.059]
ROI_1_67        , 	473.477		, 	 83.649		, 	1.92744	,	[310.971, 357.039]
ROI_1_110       , 	783.951		, 	363.688		, 	1.93107	,	[724.569, 299.296]
ROI_1_146       , 	501.862		, 	92.6444		, 	1.73447	,	[439.935, 241.5]
ROI_1_147       , 	 385.13		, 	77.9872		, 	2.11391	,	[302, 239]
ROI_1_160       , 	687.329		, 	298.212		, 	7.53385	,	[651, 220.5]
ROI_1_175       , 	518.648		, 	156.023		, 	1.59846	,	[482, 191.5]
ROI_1_178       , 	192.778		, 	314.194		, 	1.29039	,	[66.3139, 181.013]
ROI_1_182       , 	336.514		, 	139.789		, 	1.83456	,	[291, 169]
ROI_1_187       , 	451.739		, 	141.126		, 	1.58703	,	[421.5, 162.5]
ROI_1_203       , 	667.309		, 	332.278		, 	3.61998	,	[653.901, 133.1]
ROI_1_214       , 	315.777		, 	 190.16		, 	2.06555	,	[295.436, 111.5]
ROI_1_228       , 	156.576		, 	309.887		, 	1.92885	,	[136.926, 75.9412]
ROI_1_235       , 	296.356		, 	257.521		, 	2.65737	,	[293.436, 41.5]
ROI_1_238       , 	401.753		, 	277.509		, 	3.8091	,	[401.456, 15.4558]

ROI_2_3         , 	557.847		, 	367.259		, 	5.4798	,	[100.366, 548.744]
ROI_2_6         , 	541.612		, 	 409.13		, 	4.15467	,	[37.3847, 540.32]
ROI_2_7         , 	725.393		, 	276.265		, 	1.68319	,	[491.5, 533.5]
ROI_2_15        , 	549.896		, 	293.204		, 	2.50058	,	[179.059, 519.926]
ROI_2_21        , 	519.863		, 	303.011		, 	2.99524	,	[142.511, 499.948]
ROI_2_23        , 	 497.45		, 	354.524		, 	8.95933	,	[70, 492.5]
ROI_2_37        , 	541.585		, 	163.385		, 	1.91984	,	[308.899, 444.855]
ROI_2_68        , 	484.552		, 	 88.958		, 	1.2267	,	[316.414, 366.978]
ROI_2_91        , 	754.555		, 	319.337		, 	1.66923	,	[677.553, 332.079]
ROI_2_114       , 	792.317		, 	369.244		, 	2.06115	,	[729.779, 308.527]
ROI_2_140       , 	 511.24		, 	92.4343		, 	1.73211	,	[445.064, 251.564]
ROI_2_141       , 	396.062		, 	67.0075		, 	1.48888	,	[308, 249]
ROI_2_144       , 	387.979		, 	75.3849		, 	1.35227	,	[298.527, 247.809]
ROI_2_178       , 	204.449		, 	305.477		, 	1.21402	,	[71.8737, 191.399]
ROI_2_200       , 	673.637		, 	 332.28		, 	4.93497	,	[658.5, 142]
ROI_2_224       , 	422.815		, 	201.288		, 	2.16194	,	[411.943, 95.2652]
ROI_2_229       , 	590.427		, 	319.987		, 	1.40659	,	[587.005, 63.4751]

ROI_3_5         , 	550.917		, 	411.136		, 	3.88169	,	[41.9586, 549.317]
ROI_3_10        , 	818.455		, 	355.891		, 	1.45349	,	[622.201, 531.728]
ROI_3_13        , 	559.557		, 	297.831		, 	3.50249	,	[183, 528.787]
ROI_3_28        , 	627.466		, 	182.695		, 	2.00503	,	[425.912, 460.774]
ROI_3_34        , 	562.488		, 	162.146		, 	1.87159	,	[337, 450.36]
ROI_3_49        , 	824.103		, 	372.074		, 	2.34957	,	[710.59, 417.381]
ROI_3_64        , 	494.253		, 	94.7878		, 	2.71812	,	[320.918, 375.896]
ROI_3_137       , 	519.279		, 	93.4465		, 	1.93904	,	[449.5, 260]
ROI_3_142       , 	396.319		, 	67.6182		, 	1.88926	,	[302.569, 255.971]
ROI_3_176       , 	533.909		, 	152.926		, 	1.86598	,	[491.062, 209.562]
ROI_3_178       , 	214.188		, 	298.871		, 	1.20739	,	[75.9124, 200.285]
ROI_3_207       , 	679.215		, 	332.324		, 	2.74285	,	[662.429, 150.071]
ROI_3_213       , 	658.772		, 	324.025		, 	1.20736	,	[645, 134]
ROI_3_218       , 	330.883		, 	170.121		, 	1.68288	,	[304.469, 129.546]
ROI_3_230       , 	428.388		, 	193.759		, 	1.64205	,	[415.553, 104.079]
ROI_3_232       , 	173.989		, 	290.339		, 	1.53642	,	[145.43, 95.5111]
ROI_3_236       , 	595.216		, 	316.959		, 	1.3001	,	[590.873, 71.7768]

ROI_4_0         , 	708.989		, 	282.314		, 	2.62517	,	[429.912, 563.774]
ROI_4_10        , 	689.535		, 	240.583		, 	1.97714	,	[470.152, 504.397]
ROI_4_11        , 	521.234		, 	  304.5		, 	1.64435	,	[141.965, 501.528]
ROI_4_30        , 	440.357		, 	344.315		, 	1.37453	,	[49.8894, 437.522]
ROI_4_31        , 	500.158		, 	185.493		, 	1.53172	,	[245.953, 435.506]
ROI_4_36        , 	560.942		, 	138.504		, 	1.41709	,	[362, 428.5]
ROI_4_38        , 	435.144		, 	311.979		, 	1.89421	,	[80.9772, 427.543]
ROI_4_54        , 	425.727		, 	258.424		, 	1.7513	,	[129.802, 405.456]
ROI_4_76        , 	 719.19		, 	 274.26		, 	3.12949	,	[628.841, 348.989]
ROI_4_84        , 	339.264		, 	324.883		, 	1.0773	,	[39.5274, 336.954]
ROI_4_117       , 	586.487		, 	165.153		, 	1.99822	,	[524, 263.423]
ROI_4_154       , 	393.275		, 	79.5025		, 	18.1313	,	[327.342, 217.974]
ROI_4_182       , 	670.243		, 	325.484		, 	1.77831	,	[653.755, 147.752]
ROI_4_200       , 	380.864		, 	171.666		, 	1.75042	,	[362.014, 118.337]
ROI_4_205       , 	702.715		, 	386.817		, 	1.69391	,	[696.034, 96.6628]
ROI_4_211       , 	501.013		, 	 252.01		, 	2.14042	,	[495.117, 76.6417]
ROI_4_216       , 	637.541		, 	  352.1		, 	1.57916	,	[633.95, 67.575]

ROI_5_33        , 	480.449		, 	182.784		, 	1.53152	,	[232.796, 420.283]
ROI_5_42        , 	410.818		, 	344.908		, 	1.71929	,	[37.3147, 409.12]
ROI_5_57        , 	400.843		, 	258.985		, 	1.963	,	[119.18, 382.716]
ROI_5_69        , 	717.736		, 	268.896		, 	2.12177	,	[620.362, 360.964]
ROI_5_90        , 	309.731		, 	327.763		, 	1.91998	,	[33.7259, 307.889]
ROI_5_94        , 	775.125		, 	356.028		, 	2.7972	,	[717, 294.5]
ROI_5_108       , 	586.706		, 	162.485		, 	1.20831	,	[521.974, 267.894]
ROI_5_161       , 	394.235		, 	110.952		, 	12.0929	,	[351, 179.5]
ROI_5_209       , 	204.175		, 	283.508		, 	2.86965	,	[195.137, 60.0735]

ROI_6_6         , 	687.096		, 	243.201		, 	2.62406	,	[456.197, 513.795]
ROI_6_7         , 	762.123		, 	301.284		, 	4.13229	,	[563.736, 512.868]
ROI_6_35        , 	490.066		, 	188.048		, 	1.17787	,	[235.313, 429.875]
ROI_6_43        , 	420.449		, 	345.191		, 	1.47821	,	[40.6114, 418.483]
ROI_6_53        , 	410.759		, 	259.282		, 	1.58844	,	[122.635, 392.025]
ROI_6_66        , 	725.071		, 	274.616		, 	1.64904	,	[623.857, 369.5]
ROI_6_82        , 	 391.94		, 	139.471		, 	1.59948	,	[225, 320.924]
ROI_6_89        , 	780.965		, 	359.218		, 	8.60773	,	[720, 302.5]
ROI_6_101       , 	593.898		, 	164.879		, 	1.32558	,	[525.362, 276.964]
ROI_6_125       , 	506.717		, 	107.615		, 	1.82222	,	[451, 231]
ROI_6_160       , 	682.844		, 	323.404		, 	1.81679	,	[661.333, 170.042]
ROI_6_198       , 	515.886		, 	 249.01		, 	2.28176	,	[508.132, 89.1062]
ROI_6_211       , 	248.118		, 	265.421		, 	7.92831	,	[242.5, 52.5]
ROI_6_217       , 	525.385		, 	307.484		, 	1.73889	,	[524.549, 29.6196]
ROI_6_221       , 	 528.87		, 	321.495		, 	2.39661	,	[528.638, 15.6708]

ROI_7_9         , 	507.736		, 	 308.36		, 	1.30081	,	[127.544, 491.456]
ROI_7_28        , 	456.837		, 	285.804		, 	2.43173	,	[118.472, 441.208]
ROI_7_33        , 	494.011		, 	190.612		, 	1.4959	,	[236.065, 433.958]
ROI_7_35        , 	565.212		, 	139.176		, 	4.50541	,	[368, 429]
ROI_7_36        , 	568.114		, 	135.945		, 	2.60345	,	[377, 425]
ROI_7_42        , 	421.157		, 	345.575		, 	1.69645	,	[40.4878, 419.207]
ROI_7_49        , 	412.688		, 	259.912		, 	1.74174	,	[122.799, 393.994]
ROI_7_58        , 	730.372		, 	277.983		, 	1.71964	,	[624.362, 378.964]
ROI_7_63        , 	627.573		, 	 167.99		, 	1.82354	,	[513.05, 361.425]
ROI_7_94        , 	599.189		, 	166.461		, 	1.07263	,	[527.369, 284.447]
ROI_7_120       , 	511.483		, 	105.926		, 	2.96499	,	[453, 237.5]
ROI_7_135       , 	474.111		, 	 92.635		, 	1.77937	,	[420.5, 219]
ROI_7_157       , 	689.041		, 	323.407		, 	1.83486	,	[665.119, 179.983]
ROI_7_180       , 	724.472		, 	392.557		, 	1.24453	,	[714.561, 119.424]
ROI_7_186       , 	658.862		, 	347.835		, 	1.25924	,	[651.442, 98.603]
ROI_7_187       , 	521.143		, 	245.458		, 	1.86241	,	[512.117, 96.575]
ROI_7_197       , 	215.701		, 	268.488		, 	1.8667	,	[203, 72.9238]
ROI_7_208       , 	534.016		, 	 316.63		, 	2.76171	,	[533.456, 24.4558]
ROI_7_209       , 	643.148		, 	389.891		, 	1.64217	,	[642.819, 20.5686]
ROI_7_210       , 	242.334		, 	295.662		, 	7.94907	,	[241.544, 19.5442]
ROI_7_212       , 	559.589		, 	343.223		, 	2.66796	,	[559.5, 10]

ROI_8_3         , 	764.426		, 	306.295		, 	3.71776	,	[549.456, 531.456]
ROI_8_35        , 	443.391		, 	287.207		, 	1.03613	,	[109.968, 429.538]
ROI_8_36        , 	562.837		, 	135.237		, 	2.27217	,	[369, 425]
ROI_8_37        , 	484.177		, 	191.112		, 	1.7139	,	[227.93, 427.172]
ROI_8_42        , 	434.278		, 	247.399		, 	1.71232	,	[144.411, 409.564]
ROI_8_45        , 	405.005		, 	 347.12		, 	1.43652	,	[33.0153, 403.658]
ROI_8_47        , 	402.779		, 	314.916		, 	8.1656	,	[65, 397.5]
ROI_8_50        , 	429.165		, 	214.751		, 	2.11046	,	[172.537, 392.955]
ROI_8_57        , 	399.892		, 	261.355		, 	2.31519	,	[116.571, 382.525]
ROI_8_103       , 	600.118		, 	163.573		, 	1.29954	,	[524.566, 291.5]
ROI_8_141       , 	 256.49		, 	263.265		, 	1.1247	,	[103.625, 234.625]
ROI_8_168       , 	694.224		, 	320.613		, 	2.53592	,	[666.728, 193.443]
ROI_8_176       , 	548.526		, 	200.107		, 	1.4833	,	[521.401, 170.357]
ROI_8_186       , 	730.441		, 	381.215		, 	1.35184	,	[715.116, 148.838]
ROI_8_201       , 	666.429		, 	345.325		, 	2.80251	,	[656.942, 112.047]
ROI_8_204       , 	528.368		, 	243.803		, 	1.8799	,	[518.117, 103.575]
ROI_8_211       , 	354.109		, 	  202.8		, 	1.44947	,	[343, 88]
ROI_8_212       , 	316.087		, 	210.738		, 	2.47942	,	[303.831, 87.1647]
ROI_8_221       , 	 219.72		, 	270.988		, 	1.68334	,	[209.863, 65.0735]
ROI_8_228       , 	653.051		, 	388.101		, 	2.20045	,	[652.195, 33.4295]

ROI_9_0         , 	566.251		, 	418.954		, 	1.68411	,	[44.5, 564.5]
ROI_9_5         , 	680.109		, 	246.304		, 	3.8663	,	[430.919, 526.172]
ROI_9_40        , 	473.688		, 	191.445		, 	1.65567	,	[220, 419.5]
ROI_9_41        , 	428.282		, 	287.772		, 	2.93984	,	[102.231, 415.902]
ROI_9_50        , 	730.608		, 	273.474		, 	1.74776	,	[611.365, 400.025]
ROI_9_60        , 	387.738		, 	348.531		, 	1.32798	,	[26.1963, 386.852]
ROI_9_66        , 	644.488		, 	184.096		, 	1.19373	,	[524.675, 374.273]
ROI_9_69        , 	385.251		, 	262.861		, 	1.36615	,	[110.327, 369.115]
ROI_9_101       , 	601.351		, 	161.638		, 	2.1227	,	[522.451, 297.771]
ROI_9_134       , 	367.414		, 	98.8433		, 	6.68104	,	[272, 247]
ROI_9_158       , 	699.835		, 	318.919		, 	1.92613	,	[668.739, 206.296]
ROI_9_176       , 	553.172		, 	198.942		, 	1.26546	,	[524.301, 176.375]
ROI_9_181       , 	737.101		, 	379.399		, 	1.19077	,	[718.719, 163.587]
ROI_9_187       , 	739.146		, 	389.063		, 	1.20693	,	[723.848, 149.603]
ROI_9_200       , 	673.537		, 	 343.78		, 	1.41282	,	[662.03, 123.97]
ROI_9_214       , 	321.372		, 	213.007		, 	2.2803	,	[310.447, 83.0789]
ROI_9_224       , 	661.412		, 	386.033		, 	1.82724	,	[659.836, 45.6271]
ROI_9_226       , 	552.301		, 	315.145		, 	1.53825	,	[550.955, 38.5367]
ROI_9_229       , 	579.563		, 	341.932		, 	4.93843	,	[578.955, 26.5367]

ROI_10_3        , 	 758.77		, 	304.902		, 	1.65567	,	[527.456, 545.456]
ROI_10_8        , 	829.637		, 	366.879		, 	6.1105	,	[659, 504]
ROI_10_32       , 	515.246		, 	170.381		, 	2.24511	,	[273.883, 436.425]
ROI_10_43       , 	467.398		, 	193.681		, 	1.33628	,	[213.656, 415.707]
ROI_10_44       , 	731.988		, 	273.159		, 	1.41625	,	[606.394, 409.99]
ROI_10_59       , 	645.158		, 	183.758		, 	1.30916	,	[520.648, 380.992]
ROI_10_60       , 	625.513		, 	163.099		, 	1.5442	,	[498, 378.5]
ROI_10_64       , 	377.325		, 	349.835		, 	1.09553	,	[22.0732, 376.679]
ROI_10_71       , 	377.089		, 	264.177		, 	1.64769	,	[106.731, 361.67]
ROI_10_72       , 	795.594		, 	356.355		, 	11.4942	,	[711, 357]
ROI_10_96       , 	603.411		, 	 160.62		, 	1.43244	,	[520.968, 304.462]
ROI_10_118      , 	277.807		, 	329.666		, 	2.4795	,	[31.6312, 276]
ROI_10_150      , 	704.395		, 	316.951		, 	1.35981	,	[669.726, 218.263]
ROI_10_165      , 	245.579		, 	228.487		, 	2.00361	,	[155.537, 190.045]
ROI_10_172      , 	557.428		, 	197.075		, 	1.62226	,	[526.521, 183.035]
ROI_10_191      , 	680.161		, 	341.994		, 	1.72734	,	[666.406, 136.094]
ROI_10_212      , 	326.421		, 	212.267		, 	1.35378	,	[315.797, 82.6014]
ROI_10_219      , 	669.769		, 	384.574		, 	1.45029	,	[667.3, 57.4548]
ROI_10_223      , 	 559.51		, 	312.566		, 	2.50925	,	[557.537, 46.9548]

ROI_11_5        , 	683.194		, 	 255.08		, 	2.93525	,	[421.26, 537.86]
ROI_11_21       , 	473.634		, 	313.036		, 	1.88962	,	[100.074, 462.941]
ROI_11_39       , 	 738.36		, 	278.475		, 	1.54746	,	[607.271, 419.997]
ROI_11_42       , 	425.503		, 	290.219		, 	2.97028	,	[98.5714, 413.929]
ROI_11_58       , 	381.756		, 	349.948		, 	1.19931	,	[23.1063, 381.056]
ROI_11_68       , 	382.527		, 	264.651		, 	1.85501	,	[107.805, 367.022]
ROI_11_85       , 	609.532		, 	163.272		, 	1.90426	,	[522.521, 313.848]
ROI_11_132      , 	710.057		, 	317.257		, 	1.94443	,	[672.257, 228.587]
ROI_11_161      , 	750.197		, 	386.028		, 	3.23398	,	[729.5, 175]
ROI_11_168      , 	473.059		, 	154.358		, 	1.33657	,	[445, 160.5]
ROI_11_172      , 	685.492		, 	340.148		, 	1.25397	,	[669.572, 146.877]
ROI_11_183      , 	546.593		, 	237.261		, 	1.19864	,	[531.987, 125.513]
ROI_11_195      , 	331.776		, 	 204.68		, 	3.02316	,	[319.453, 89.5814]
